Extracted 143 bytes from minibus
0000: 00 41 55 54 48 20 45 58 54 45 52 4e 41 4c 20 33
0010: 4f 4b 20 31 32 33 34 35 36 37 38 39 30 31 32 33
0020: 12 34 56 78 90 12 4e 45 47 4f 54 49 41 54 45 5f
0030: 55 4e 49 58 5f 46 41 47 52 45 45 5f 55 4e 49 58
0040: 5f 46 44 0d 0a ee fd 42 45 47 49 4e 0d 0a be 6c
0050: 01 00 01 00 00 00 00 01 00 00 00 6e 00 00 00 6c
0060: 02 01 01 09 00 00 00 01 00 00 00 1f 00 00 00 6c
0070: 04 01 01 17 00 00 00 01 00 00 00 89 00 00 00 6c
0080: 01 00 01 00 00 00 00 02 00 00 00 6d 00 00 00
