Extracted 159 bytes from real
0000: 00 41 55 54 48 20 45 58 54 45 52 4e 41 4c 20 33
0010: 4f 4b 20 31 35 31 39 61 66 32 32 63 35 61 64 34
0020: 15 19 af 22 c5 ad 4e 45 47 4f 54 49 41 54 45 5f
0030: 55 4e 49 58 5f 46 41 47 52 45 45 5f 55 4e 49 58
0040: 5f 46 44 0d 0a ee fd 42 45 47 49 4e 0d 0a be 6c
0050: 01 00 01 00 00 00 00 01 00 00 00 6e 00 00 00 6c
0060: 02 01 01 09 00 00 00 01 00 00 00 3d 00 00 00 6c
0070: 04 01 01 09 00 00 00 02 00 00 00 8d 00 00 00 6c
0080: 01 00 01 00 00 00 00 02 00 00 00 6d 00 00 00 6c
0090: 03 01 01 25 00 00 00 03 00 00 00 6d 00 00 00
